13
85 58 9 93 122
121 147 163 95 47
47 131 48 72 145
146 24 100 31 112
81 140 74 128 52
37 75 94 20 6
17 141 159 167 88
65 80 13 32 3
98 152 59 86 74
112 161 153 24 67
56 110 65 58 124
162 34 125 115 75
139 75 93 104 5
167 144 11 121 162
44 100 26 5 38
24 77 143 6 106
156 136 89 28 98
86 168 59 88 141
40 30 3 104 152
41 54 56 148 120
83 80 71 29 17
147 134 91 106 96
59 135 46 136 106
159 145 75 76 65
148 56 136 38 131
72 99 87 61 63
118 60 141 9 65
52 90 157 93 109
166 167 62 74 118
36 63 137 84 66
84 110 42 133 16
67 126 38 83 56
15 142 103 151 56
8 53 4 54 148
49 115 165 3 42
82 3 21 76 164
128 46 51 105 83
27 28 49 76 88
74 141 158 61 116
25 41 66 18 156
28 107 43 146 87
134 36 157 141 54
64 118 167 121 22
13 153 99 24 92
131 74 13 20 136
160 77 99 16 105
119 144 88 128 50
54 143 132 91 48
108 148 150 16 2
91 138 110 2 96
35 68 3 92 54
117 136 141 33 73
70 40 99 74 33
87 151 25 7 77
78 17 28 72 37
58 126 156 48 141
123 26 6 109 140
99 140 85 125 144
120 162 103 148 157
106 64 68 25 43
97 142 161 66 164
62 114 131 94 108
7 25 42 121 55
51 23 145 166 103
88 135 115 61 151
143 11 58 164 121
164 105 154 106 123
133 59 152 165 21
90 29 119 7 137
66 34 81 164 91
45 73 164 163 27
103 33 159 128 82
113 25 4 16 46
94 110 98 16 25
89 17 100 152 18
157 28 129 107 150
107 20 130 81 168
152 5 87 44 16
23 51 117 20 71
101 47 4 48 44
33 27 56 74 133
96 61 154 56 21
168 53 167 59 28
46 158 56 40 9
9 139 97 103 43
19 142 10 14 68
114 159 49 10 58
125 11 130 54 4
57 102 119 85 66
5 24 87 160 46
155 83 103 43 62
130 89 168 156 147
48 148 145 122 116
149 11 72 67 1
144 88 28 87 106
14 75 53 154 32
61 28 14 116 90
161 126 169 107 152
60 83 12 96 107
1 131 155 42 22
122 86 61 8 56
154 140 139 21 33
12 127 1 15 54
29 167 113 133 123
163 114 112 38 122
153 58 23 87 35
111 127 104 42 100
126 10 136 131 95
55 161 26 66 22
43 122 141 169 7
18 5 110 28 6
11 165 3 20 104
26 16 96 66 29
115 75 112 53 161
34 66 152 126 57
53 110 47 108 76
92 123 23 101 70
158 104 82 30 37
2 101 134 102 92
77 161 15 58 16
132 52 90 81 32
104 90 163 98 68
6 43 57 109 79
79 92 19 96 52
127 41 164 76 53
141 109 163 74 127
136 10 124 40 25
71 38 129 130 159
22 120 17 149 67
145 126 124 56 112
93 114 29 83 98
129 20 163 66 148
95 32 58 57 18
150 93 65 142 116
100 141 68 65 76
110 169 131 38 104
30 116 94 165 35
124 165 90 5 152
140 128 56 134 154
63 159 158 70 124
10 96 40 86 157
68 24 148 94 9
4 96 124 87 31
20 14 87 121 158
105 152 55 114 54
21 168 99 88 52
69 160 10 12 23
137 54 25 51 16
109 147 11 137 133
135 29 37 97 132
102 148 6 68 168
76 24 10 89 140
73 168 109 133 134
75 63 43 15 8
169 148 121 162 13
3 24 65 56 128
151 72 92 4 45
31 109 67 160 69
165 109 1 89 90
38 57 64 23 2
80 67 151 64 71
50 93 108 62 77
16 161 121 81 84
116 157 154 166 126
32 127 16 151 34
138 139 22 46 135
42 103 44 104 33
39 26 150 52 144
142 38 10 51 63
